nTasks=30;
nCPUs=10;
rt=[3811.362158698805 1158.0025299533768 2220.6690421006037 4379.986446715104 3712.9293770664417 3798.358880104775 2295.311060568291 2933.388380250759 2153.626651077198 3153.4549830641336 3524.753659243749 2010.0000514715587 1262.2490503333709 4546.3729059914895 4631.361791174713 4189.2697321937085 3679.036277896243 1397.4877759653546 2316.948396988138 1907.2738363293345 3860.5513280335895 2355.04409449136 593.8145483919377 2158.4187112201835 4503.227226519228 4866.062751936418 3626.756168275149 627.1121764033454 3170.676480896021 4185.390004840101];
rc=[10000.0 10000.0 10000.0 10000.0 10000.0 10000.0 10000.0 10000.0 10000.0 10000.0];
