nTasks=30;
nCPUs=10;
rt=[3815.0671638863546 559.4906079053885 3141.8190169931254 4847.963048702842 2709.4295001957194 1645.3403902862517 2534.7853109374573 4037.241999338953 3485.646989448662 1488.5989808430777 4172.379270831079 4603.725476965759 1083.2769747066943 4056.100238923597 3525.0396743206306 3074.1914015898324 1349.321914602655 1821.0721596745493 4009.9926928429304 1554.1769865812837 980.1576874133409 2124.330080623892 4688.440742121987 597.2413134532327 1098.7790548246844 1036.8079046983944 2928.7758199166183 601.0107891762736 4756.773651371042 2424.5356936107582];
rc=[10000.0 10000.0 10000.0 10000.0 10000.0 10000.0 10000.0 10000.0 10000.0 10000.0];
