nTasks=30;
nCPUs=10;
rt=[3809.8434340022513 2046.7539779059607 3312.7058442530247 4898.680990027732 3245.544537175856 1094.7789026174573 1709.2188637837066 1337.382182737896 808.0284011619785 2618.958561104971 3916.625523724674 1570.9704734631935 2077.5608292958646 880.369834977047 4428.877621141559 651.1556500391486 4394.0348973326245 2951.214269264531 3824.9911412057018 4008.9898209117505 3757.8689216183875 4012.424136604826 1925.9743281785998 2697.732591296708 2847.6924623435843 3209.198292417109 1311.85244617748 2850.802913010443 1408.1728231849677 3799.803017101993];
rc=[10000.0 10000.0 10000.0 10000.0 10000.0 10000.0 10000.0 10000.0 10000.0 10000.0];
