nTasks=30;
nCPUs=10;
rt=[1726.9208922563162 4452.843664708344 2768.859818567247 4920.8126911365935 2311.0828647967483 3198.0068162339803 1768.2864730246492 3335.6247954917794 2447.5457275277336 1951.0613334385398 1177.6001787272612 1497.6758831224179 1423.9234125380976 4483.527692581403 1832.4814718086932 1542.1281035366792 742.1448755109506 1891.973815837327 1784.466182574336 1917.7466145472533 2875.8888949426137 2362.476575489569 4310.332195993066 4087.904635617956 3778.400202436926 2703.3770870060885 4903.225603950481 3336.4901329020004 2352.1052883568896 4829.243653769398];
rc=[10000.0 10000.0 10000.0 10000.0 10000.0 10000.0 10000.0 10000.0 10000.0 10000.0];
