nTasks=30;
nCPUs=10;
rt=[2365.671901714639 995.5923549657057 1438.8106120316231 4086.0531663250663 1042.5001295830098 2924.754990535168 2626.202818987729 4856.226255865747 2382.5120211207286 2370.9747379573555 1531.1503279117624 1738.2048079209062 2228.465101181353 3278.2814472206414 3876.023266249856 4187.226906781671 1615.9884293888038 4122.75884503701 3146.659060695867 2714.6670281521683 4923.809748477046 2926.709810631206 1936.6510934514372 1887.1340392787056 1543.1853913938735 1710.2978960792207 3168.0173132585833 4305.275123827065 528.5106080788512 3561.975652318313];
rc=[10000.0 10000.0 10000.0 10000.0 10000.0 10000.0 10000.0 10000.0 10000.0 10000.0];
