nTasks=30;
nCPUs=10;
rt=[3373.151912027643 2672.5879245935976 4240.672385561751 2997.8372783122927 1136.5735216489875 964.2156528561848 916.0401674456361 3146.3732186555885 2752.119914813512 1236.9661803673407 4664.989459694627 1239.4865078216076 1173.0387363144905 1473.3217161693626 3037.1209034985795 1661.3844673983317 2395.879730806413 4570.899420039257 4239.6316707466085 4867.4022288527885 2787.157832257805 2861.65098533514 4041.7565476497703 1600.2041595919138 2139.9821318799354 2801.548615378817 4180.359822941598 4973.928333723021 1765.1208834407194 2631.7599207370895];
rc=[10000.0 10000.0 10000.0 10000.0 10000.0 10000.0 10000.0 10000.0 10000.0 10000.0];
