nTasks=30;
nCPUs=10;
rt=[1459.6868818227238 1199.9108017587732 3015.00396782609 1576.0156055802738 3783.196510828736 2303.7508613456134 3303.630978644128 1806.1041902684392 865.058428893579 2170.532888727683 1288.7756258183317 2527.8789121410314 1914.2140888694144 3151.927305346244 669.9195660094451 2812.6173679553035 1003.1507829089851 4575.289738546726 3354.867359952159 4654.874001033961 3954.6424756866895 4274.42563404683 4055.399952858904 3518.970368743567 3094.3848021454646 1635.6268048101524 4952.882312925997 4997.024898485604 4131.28874023256 3105.799799083302];
rc=[10000.0 10000.0 10000.0 10000.0 10000.0 10000.0 10000.0 10000.0 10000.0 10000.0];
