nTasks=30;
nCPUs=10;
rt=[2059.1269152659215 728.7530201676932 2308.7812500024943 1211.6167355549278 3807.1649114292545 709.1449891157872 1769.521427246039 4177.7798411556305 2834.937208236343 2735.5635125495005 1138.18038306115 951.6094996411786 690.6325866196878 3199.6025571500013 4760.251810888677 3522.6381369906 3867.2195960705994 4815.7180699652845 4717.333087965596 3002.533978573544 3428.0412841490115 4211.141651158237 2314.0753940952836 2843.1547365296533 2333.2715570042656 4743.940693963013 3843.584556429428 1095.6514082694448 1301.8877722860548 2463.058577477404];
rc=[10000.0 10000.0 10000.0 10000.0 10000.0 10000.0 10000.0 10000.0 10000.0 10000.0];
