nTasks=30;
nCPUs=10;
rt=[542.6644370115804 3437.8087956243194 955.9515546862076 1236.2408899372704 3600.5637409653277 3351.819547699348 1975.094155975249 3848.0456997426495 4393.570651512102 3859.1525241575687 2740.609755416225 4901.285900743962 3533.975551654969 1875.3832116048131 1846.9087806839038 3687.406141518718 2972.8594518044106 4460.229799603945 1803.3218858027667 1355.7976039622947 1492.6546266122377 2435.0025720625717 2271.2299281561895 3223.820438894546 3251.542556784231 1343.3524512382128 569.3645333337512 2473.735413893613 1625.1048479630292 2186.813482938721];
rc=[10000.0 10000.0 10000.0 10000.0 10000.0 10000.0 10000.0 10000.0 10000.0 10000.0];
