nTasks=30;
nCPUs=10;
rt=[3359.0378258899586 2735.64802591886 2055.3568792340548 3923.5704107156125 4741.047045778622 3042.5868541000436 1465.9526914556086 1313.7260547675874 749.9230605187311 4483.887992350537 2353.0199737202875 3832.6206308834535 1125.6830138455164 1961.7101167769188 3071.0626352521977 2104.2049129650436 3174.0529203646133 4402.885638208671 1975.4130652560514 582.0305122037342 1631.6581101824133 3017.978406743319 2056.6919991969003 1254.921161842994 3021.496850468735 514.2306941552871 4391.036790319305 993.6735401317729 1518.338634058373 1201.1316410018644];
rc=[10000.0 10000.0 10000.0 10000.0 10000.0 10000.0 10000.0 10000.0 10000.0 10000.0];
